
x <- 10
y <- 4
x/y
